5741	0.000000	1.656418	2
28567	9.968648	0.731232	3
6808	1.364838	0.640103	2
41611	0.230453	1.151996	1
36661	11.865402	0.882810	3
43605	0.120460	1.352013	1
15360	8.545204	1.340429	3
63796	5.856649	0.160006	1
10743	9.665618	0.778626	2
70808	9.778763	1.084103	1
72011	4.932976	0.632026	1
5914	2.216246	0.587095	2
14851	14.305636	0.632317	3
33553	12.591889	0.686581	3
44952	3.424649	1.004504	1
17934	0.000000	0.147573	2
27738	8.533823	0.205324	3
29290	9.829528	0.238620	3
42330	11.492186	0.263499	3
36429	3.570968	0.832254	1
39623	1.771228	0.207612	1
32404	3.513921	0.991854	1
27268	4.398172	0.975024	1
5477	4.276823	1.174874	2
14254	5.946014	1.614244	2
68613	13.798970	0.724375	1
41539	10.393591	1.663724	3
7917	3.007577	0.297302	2
21331	1.031938	0.486174	2
8338	4.751212	0.064693	2
5176	3.692269	1.655113	2
18983	10.448091	0.267652	3
68837	10.585786	0.329557	1
13438	1.604501	0.069064	2
54744	8.397217	1.534103	1
29482	5.562772	1.689388	1
27698	10.905159	0.619091	3
11443	1.311441	1.169887	2
56117	10.647170	0.980141	3
39514	0.000000	0.481918	1
26627	8.503025	0.830861	3
16525	0.436880	1.395314	2
24368	6.127867	1.102179	1
22160	12.112492	0.359680	3
6030	1.264968	1.141582	2
6468	6.067568	1.327047	2
22945	8.010964	1.681648	3
18520	3.791084	0.304072	2
34914	11.773195	1.262621	3
6121	8.339588	1.443357	2
38063	2.563092	1.464013	1
23410	5.954216	0.953782	1
35073	9.288374	0.767318	3
52914	3.976796	1.043109	1
16801	8.585227	1.455708	3
9533	1.271946	0.796506	2
16721	0.000000	0.242778	2
5832	0.000000	0.089749	2
44591	11.521298	0.300860	3
10143	1.139447	0.415373	2
21609	5.699090	1.391892	2
23817	2.449378	1.322560	1
15640	0.000000	1.228380	2
8847	3.168365	0.053993	2
23758	9.477022	0.899002	3
25780	3.897620	0.560201	2
11342	5.463615	1.203677	2
36109	3.369267	1.575043	1
14292	5.234562	0.825954	2
11160	0.000000	0.722170	2
23762	12.979069	0.504068	3
39567	5.376564	0.557476	1
25647	13.527910	1.586732	3
14814	2.196889	0.784587	2
73590	10.691748	0.007509	1
35187	1.659242	0.447066	1
49459	8.369667	0.656697	3
31657	13.157197	0.143248	3
6259	8.199667	0.908508	2
33101	4.441669	0.439381	3
27107	9.846492	0.644523	3
17824	0.019540	0.977949	2
43536	8.253774	0.748700	3
67705	6.038620	1.509646	1
35283	6.091587	1.694641	3
71308	8.986820	1.225165	1
31054	11.508473	1.624296	3
52387	8.807734	0.713922	3
40328	0.000000	0.816676	1
34844	8.889202	1.665414	3
11607	3.178117	0.542752	2
64306	7.013795	0.139909	1
32721	9.605014	0.065254	3
33170	1.230540	1.331674	1
37192	10.412811	0.890803	3
13089	0.000000	0.567161	2
66491	9.699991	0.122011	1
15941	0.000000	0.061191	2
4272	4.455293	0.272135	2
48812	3.020977	1.502803	1
28818	8.099278	0.216317	3
35394	1.157764	1.603217	1
71791	10.105396	0.121067	1
40668	11.230148	0.408603	3
39580	9.070058	0.011379	3
11786	0.566460	0.478837	2
19251	0.000000	0.487300	2
56594	8.956369	1.193484	3
54495	1.523057	0.620528	1
11844	2.749006	0.169855	2
45465	9.235393	0.188350	3
31033	10.555573	0.403927	3
16633	6.956372	1.519308	2
13887	0.636281	1.273984	2
52603	3.574737	0.075163	1
72000	9.032486	1.461809	1
68497	5.958993	0.023012	1
35135	2.435300	1.211744	1
66668	9.777806	0.496377	1
68732	8.833546	0.513876	1
69995	4.907899	1.518036	1
82008	8.362736	1.285939	1
25054	9.084726	1.606312	3
33085	14.164141	0.560970	3
41379	9.080683	0.989920	3
39417	6.522767	0.038548	3
12556	3.690342	0.462281	2
39432	3.563706	0.242019	1
38010	1.065870	1.141569	1
69306	6.683796	1.456317	1
38000	1.712874	0.243945	1
46321	13.109929	1.280111	3
66293	11.327910	0.780977	1
22730	4.545711	1.233254	1
5952	3.367889	0.468104	2
72308	8.326224	0.567347	1
60338	8.978339	1.442034	1
13301	5.655826	1.582159	2
27884	8.855312	0.570684	3
11188	6.649568	0.544233	2
56796	3.966325	0.850410	1
8571	1.924045	1.664782	2
4914	6.004812	0.280369	2
10784	0.000000	0.375849	2
39296	9.923018	0.092192	3
13113	2.389084	0.119284	2
70204	13.663189	0.133251	1
46813	11.434976	0.321216	3
11697	0.358270	1.292858	2
44183	9.598873	0.223524	3
2225	6.375275	0.608040	2
29066	11.580532	0.458401	3
4245	5.319324	1.598070	2
34379	4.324031	1.603481	1
44441	2.358370	1.273204	1
2022	0.000000	1.182708	2